$ANSIBLE_VAULT;1.1;AES256
63613061313434616563363537313138616462383230303262383963373033323561613033316366
6466643436653134393439626464396163393435373437340a613330353132313435636335366263
66626265366238643133633830376635393032386563626534663236353964373235343534326138
3061386635306164380a633433666266333933633235386332353637383961656332306138363738
66393737323565626630636639623565343231313666643432616331326261313737663663366139
33366331653439616235666536373833373936666566353436653531343432303335616531396162
32346639633930646632396637666639356439626366356161316330343138363461373330333366
38666166643362643630396466666231336537666635333633636632653538343035363332376239
64633465626562656330336437353338333632666365616637663839383730313033353337666535
64396462363539306262323835643131646336663263653837363931656261343336396137356264
39313065383730666465663834646665376361653031636666623366303431383730643531613330
35323831373561386164373233303530636262633938386131633033656237656263636564616639
62333532613835306462333538343836613438346432313435636462326430303937356165643935
62363733393138396332626234313535353734333531356632373261613333666338393063346335
64666563336631393766663233316435363164653565386635376238623330356663333561626361
35613938386137613137383232303637323732376463303439653461323732333937663232393434
64336234363864666532313031353634386162656434663634646264393566396130363162663362
36373962663937386334656163316433363037653761326362306561663931663935363436323533
36343565656637623261613836333964633262373233323461323637613763663335383165626239
30633965633361313430643664613363613330303766386464383634663263623130303365373532
30653731326464326365653663663565336533393537623539313939336662643266613532353839
61623665663939383130396664396333306162383962353932653435393239306665663361333035
36393134363431306238336433643364373931396263303262343061666362396263383530623338
37363363333363386261303930303632626436383661383938303739323037303535393831626638
61626462396363393935303938343237653533373633653635616665346566323636326637313361
37646465656264306161616365333432376163643134666165356466336333306136356664663565
66646265623366653939316661643033376166316538653833316536633638613937376432643965
32316166353562613562616638626137316364303564306439383730626662386232613366656263
30303434636364386365306263396165653336326363626362393862613261303062356166623030
37363631303232346534343461343636653464663462613330386639333566373039633933333165
37333031373533303237313465643665313266653265396439383434376338323262356534663066
33353862633162363038643562363865303830333066623165363833386161353665623764643862
32313866323237663561643932663630383234616536346335663562353337653763336132663139
38353662333765633235303239623237356538313539373835346238373833366236663835626632
36653433613037326436366138663266623737633463633837623630343838346239376335343564
39626533653463343862656532356230653630643866383661633662333861623638666565386339
38653638363735396237333336313330656666656438323237643862656663653735333034376431
38616563656434396139363334316465383164333937626333396534326465313866306232383437
34636637393566643365333834383935613039396366376334346465623063336237333637633534
61383435303962633135336134363731643765623363626665353836383330633962613039643663
36623730353739323635666565633439316134396132383132323166393664656634366235636137
62356563656538376565636465373664306339363533313230343936386236316136383235643036
373162633037636466663537353030313338
